90.693862234
91.4984083654
80.0495468514
101.440655094
109.767211636
76.8465899186
701.42621356
292.50688125
158.334078309
96.8194737018
91.2113996964
86.6200306124
103.598225913
93.5416725566
204.902481678
91.1791852998
163.139732768
23.310589277
112.613421689
39.000971271
31.2762158728
22.7739070522
38.6277120596
20.0419197946
33.5015772174
31.4764373058
39.3209907542
33.322914095
33.346831599
20.1372179896
24.454572077
37.9320978816
19.9740630626
55.311568949
24.8824213926
17.6552518894
38.0167932128
31.5839255786
17.8553742474
22.5392168102
31.5708795346
44.637390535
34.7192270358
26.0649073492
1358.63744834
304.22430355
188.952449593
84.5598213564
87.8202352018
90.10646101
220.358001596
108.615190419
97.7933085462
80.2550416334
154.864826559
36.6476192058
98.6295917498
24.8846961292
40.9172754416
23.0170831796
36.5765134564
31.5466798294
9.1124355284
37.5395378112
54.4549048216
18.2231274764
24.8052677694
29.1227029044
18.277855031
37.6228040354
31.65918451
9.0321510736
54.5397363788
31.3969853384
24.335312438
25.7399595872
1163.6104999
314.16393735
182.355677363
91.902014337
202.824509818
89.9990209806
91.327003876
97.1310493048
200.530426344
94.1464927452
137.954341419
36.374021839
112.044083248
11.371605137
37.2475902776
39.7700596584
22.940731231
31.3224252432
22.4441707544
17.7884081932
61.2215793742
31.1191652006
11.2806782436
29.1093369424
31.064649284
1340.05691123
770.77350925
311.5980488
89.0693771474
89.7790390646
89.8712773412
207.326897011
94.583814241
104.379566749
75.9393916882
90.4383164466
134.519940269
23.0613007376
112.186311919
37.9367378432
24.5771306182
22.8337966242
44.013949771
19.5751005468
32.9016947594
24.5364387466
38.9876006392
39.3854504868
32.8002384262
19.3282587168
22.2575067296
32.9829761024
21.4603422796
59.407234881
24.4975947364
17.016751986
32.8105403772
32.8081897852
25.9232534578
22.1533843
32.9077912072
54.4737695478
19.3556572584
28.8651798766
32.499994621
19.2122346028
32.9006810288
32.721961306
8.7464376796
59.9899118864
32.8016595202
19.3552092284
32.6951160242
22.1323235724
24.3023950024
34.1316613562
53.0670719304
10.970403669
30.4282638008
32.5341435054
25.7014910664
32.8899521512
22.1232027534
19.1974367882
97.71642477
39.0910315762
10.9805201692
28.7729780588
31.4582418504
17.5941652824
31.5984035466
27.9148969914
38.2505532692
30.9841181638
30.9636171394
11.0132844512
34.9720648402
31.0655299592
17.5201322904
52.0208646522
22.0449511398
21.3741997896
37.0685125534
32.6666741304
19.3214243176
22.102255315
32.5976148938
44.7728529826
32.6834096304
24.3105586508
16.855190784
32.6660514038
36.6540360498
21.8126741326
22.0106623024
52.0514274628
19.3825469286
32.665003783
30.7895280784
16.9267259974
32.6283988438
32.5493263412
38.3160892174
27.278182397
33.940322637
19.1703415112
32.5020505076
24.6077481788
16.6872551668
39.1000504006
95.9237344534
19.162035697
22.0866579402
32.6547573384
25.7200669672
32.6286910584
32.4421643678
8.5718621672
51.6485504086
31.8544044338
22.8537849356
24.242486789
28.4863228298
17.5787606968
31.1490316214
58.484302326
8.576223754
32.5954214734
32.6370573228
19.1340985044
26.7578914024
34.225662966
19.114191507
51.6279311054
32.453919273
8.5347968512
39.094738874
32.5948298444
19.3209634004
24.35848712
30.180577108
42.6468162244
35.1715359382
32.7215152278
8.4929927342
32.5473443578
32.6040772952
25.5897270422
44.990855483
28.52453189
19.181253516
32.5175124432
38.3439234526
11.5791363624
28.7369403282
30.7204471376
85.8036030404
30.7387810116
28.4043687748
17.3611607142
30.8063820314
30.9704073366
10.7708233756
34.9517670708
51.4962537108
17.3026367008
30.7442723718
22.1775509078
18.7114530814
36.032225058
31.1096748172
11.4341066284
49.1930211442
32.5155538358
26.0138752854
32.3579060576
21.8597309434
19.2945809292
30.7998517442
54.4233631204
21.4145847128
21.8730457574
30.6210682398
17.3514443854
30.9008979522
30.4644450964
15.0822519952
51.92965671
30.6764165846
17.3506088952
26.378795781
32.7068557066
17.3442956168
30.6913232322
24.1127476072
35.6865671208
37.1643763584
30.8147013126
17.2456508344
21.8358058342
30.890881645
23.3577026202
97.5037576948
24.132771126
14.8382003352
30.8939438572
30.949503943
23.5120146852
21.7713790716
31.0125869702
37.9679952034
30.7889398238
37.052786709
8.3795010548
30.544521252
30.8500476466
17.1511425444
25.5659438374
54.5524271582
19.0486205194
32.4028622016
32.37570235
8.3677584266
38.8444284248
32.2700717718
39.3097011258
24.0925265792
30.0893541278
22.3092556186
35.3726300298
32.4880223218
8.3390627162
32.8520782038
53.0997868846
25.3260564358
24.0553722038
30.1289618652
17.4796610136
30.735277305
35.5369378882
9.8322611084
51.2573756918
30.7250714298
17.0663057704
30.5338900164
28.2627043276
17.49377674
30.5801214688
99.2093537556
10.1943614388
37.0592790906
32.4922139206
19.0205158086
32.4271207564
21.7574104554
19.6083865078
57.0980130012
32.1911080524
10.5633047984
30.0347865094
32.2651665024
25.604485393
32.4939144546
21.7617313358
38.2621752848
30.9156360146
33.0680548612
14.7768632224
28.2308244062
30.7962281154
17.1242087604
51.3013214576
28.2108237968
17.1492225676
30.585977746
30.5453918818
17.326292386
25.5981845294
33.1129448068
38.2596682328
30.5445793738
23.5217800062
15.4166700226
37.0956959588
30.6167443908
17.0943104396
21.7137335032
51.2388545142
22.4896714402
31.6377938848
23.9779139944
14.7272832826
30.820470009
31.04676149
64.5012062502
47.0871819124
32.4536646204
18.9138042076
32.3092332992
30.4716736864
16.4276060708
32.1926032862
51.298280202
18.9731554428
22.8768224162
37.5272525722
18.7006902766
32.5616801026
32.2158735622
8.2580453446
58.1907413372
32.239250226
18.9108399242
23.2706505648
30.609464382
21.5910156902
36.6144001796
52.5361835684
8.205366411
32.2784457518
1086.07227164
1065.4901518
712.2329644
349.95637787
116.185109941
90.5112710676
93.5595716046
76.1877123032
92.409424972
88.9372078524
79.203263889
91.2034458134
155.332478607
22.229737297
110.50445819
37.478859689
8.3631124378
461.427496593
33.2829604414
18.9589551466
32.4465587264
21.832659086
40.5405716158
38.9579994302
32.3128947728
9.786018382
30.9408624904
32.268809153
25.5599265476
54.4333749514
21.7502330946
19.0792390332
30.6398137036
32.4576165632
15.3729630114
28.2647328374
30.5833655674
40.2266752218
30.788445682
28.2194526794
16.9999772062
30.684179636
30.4872467794
10.5196327586
31.6899712238
56.085410956
18.788387232
32.0905862772
21.6747536006
19.0171746316
38.6955601012
32.3751137748
28.4109901772
32.2951701406
32.5220004094
23.5915472442
34.0106349514
22.8760083046
17.8214184894
32.4296064344
98.2011458034
25.3512685852
21.7479146822
32.0424611788
18.8232075076
32.2783709602
30.1960790806
16.6267282832
52.3197036088
32.4563116984
18.5449106184
22.1388534626
38.1640667844
18.6757496876
32.3499115694
23.8739060714
36.8344267584
38.7164041414
32.0235999332
18.9237974058
21.579033115
32.1124140998
20.8530036132
56.635347918
32.3999032894
8.1328457806
32.3114888884
32.0904739254
25.0301740626
22.6898910902
31.1354012106
37.8648724484
32.2581186324
35.5988405846
10.9299757258
32.2709595984
32.1651958002
18.6675697216
23.8329735092
55.0540489866
18.7821850374
31.9630607558
32.1490898832
8.124921789
37.2176412658
33.5707573976
82.4337323452
23.850704293
28.0946982728
16.7642141816
36.9687031404
30.3669922522
8.0774451122
30.3206153562
51.0146644294
23.669039406
30.3118298852
21.548961455
16.9570732628
30.2930235514
31.6439419672
14.589983446
50.3023799552
30.5059250834
16.7838911382
30.576931128
28.0040960892
16.9040936788
30.3170861572
50.082358086
10.361248525
30.9410304134
33.9710515006
17.0581605682
30.2864657512
21.5181965344
17.0656281432
57.7305418538
30.445554585
10.384094514
27.9061578238
30.3704011634
21.395869306
32.659371446
21.509461736
37.6094589326
30.5666007942
30.3073327004
23.4342523588
482.282799475
101.863807358
134.534974962
95.9133192288
28.2983916412
18.6788440912
31.902461705
32.2719866864
18.667302501
21.5542212044
38.5829309966
37.4218552264
32.2040063446
23.782910612
16.2226018234
38.6122140576
32.0234666408
18.7893023618
21.530843616
51.3984883666
20.2857622538
36.9414954044
23.7892806688
16.3776353014
30.3929304118
30.4855767574
43.964277758
21.5042807448
30.6779061326
16.9312021152
30.3455109744
33.5316971206
11.4422383294
30.7178100014
51.2734503666
17.0983334778
22.1273641382
36.1011112274
17.1167872602
30.347007978
30.3301601886
8.1002190338
55.5782646492
32.2827916524
16.8222131214
23.7641252426
28.1610176626
16.9301850338
37.0908388406
67.3012111856
36.6513525644
32.2174479676
31.9908624298
25.4080878796
23.9561345908
29.793979328
18.9103370876
50.9064127672
32.9479677142
13.950680245
32.0641194318
32.0794712014
18.460933215
32.2189489116
28.1571460504
37.8441944894
32.15135575
31.861798208
8.5388485628
33.961217829
36.2988121102
18.6371023724
50.2806841242
21.4977706258
18.8536954972
38.3502817284
32.1849845574
10.3543903232
29.8779323572
32.2141712706
41.7026371962
33.0384783718
21.4540658856
16.757711169
30.4513438292
30.2480718012
16.8211484514
28.0966968518
50.7279804782
17.1371133736
30.2679605816
26.871615353
17.8854325706
565.727065383
629.499651732
241.344157476
86.1301334162
95.09611395
89.3902725132
95.067371082
86.5018745272
74.5552595266
95.4677928826
88.2526064154
135.085397719
21.6278470306
110.837007041
24.8535364334
42.446654302
23.828990927
16.2356389944
32.3259009496
31.8750156056
46.7248388166
21.4949356818
31.853954402
18.7353439358
31.9454136734
26.636171418
19.7766607
31.8193979262
54.24363277
16.8263407682
21.6141584278
36.7548506662
16.8436753374
30.59183169
29.5408739448
8.6703124232
56.720865531
32.3568176716
17.1253911418
21.7002039714
29.9912608314
17.2138438096
36.6468484616
52.8701389914
8.062214995
30.1912616254
30.3349915626
22.9081872854
24.1688028832
28.3414881566
16.8398623892
50.9322838232
30.8488676044
14.1885123082
30.5310605188
30.3381180182
16.9828706194
23.706867401
34.4491922978
82.5832025918
30.4767504748
30.4128751596
8.0213326552
32.2092414882
35.0353663712
16.698430809
35.0429708724
37.1629302064
16.667263828
37.52906304
30.1898944122
8.0880672
30.2600326148
30.133533099
41.6896142296
33.1219014722
21.3849676834
16.8661383832
30.292277269
30.605310182
16.7240343906
27.7790690576
30.2980472876
37.2114320084
30.5473680216
26.5550009042
18.0625194528
30.2831725964
30.195004327
10.2218357508
30.881171589
57.1476349076
16.8211168876
30.268084966
21.3543206202
16.9759836464
36.6268290902
30.7120544864
20.4711628058
38.138135154
30.4280931308
17.7521802718
35.7633041706
21.4103370088
16.65396557
98.066881096
31.883193134
25.0550297312
21.3937335936
31.9364094256
18.8082991772
31.809969373
26.2635851544
38.9716635806
31.7899542574
32.2014203188
18.5715212334
21.343283474
38.4446010458
18.318837768
51.0080864388
23.6612357856
16.006032937
34.4352542988
32.3525894744
17.4165642096
21.3684798106
30.16768498
37.383294145
36.6073106816
27.705674206
10.6645174166
30.0684479794
30.2355496894
22.5697646686
21.9800822602
50.6878684258
16.652225104
30.196233706
30.1780890866
14.2987266802
30.42350316
30.0146817596
37.3048207904
23.6168023298
34.3531262176
16.9191421568
30.1469808998
30.2210994938
7.9043079924
31.8777199896
100.502910419
16.5727530284
23.618236969
28.242549244
16.7269256662
36.7859630348
29.9922336616
7.9051590346
50.741019759
30.062463781
20.3252603692
29.4920596696
25.057413246
16.7608704844
30.1219268532
51.3102799174
14.4153652668
30.0287580188
30.1763509296
16.6920513374
30.427249585
26.3056371778
18.0650254958
50.8231483506
29.9778603784
10.155001854
28.0663626962
36.6167053804
16.6636919206
30.055781445
21.34772886
38.270748351
36.4633262706
30.14885516
10.1262563824
27.797560726
30.2095167428
17.3411929146
56.4012039058
21.2869181812
16.5894219516
30.409866846
30.1714152394
18.9456733702
25.6405332632
29.9738609818
82.1183333406
30.0531161092
23.769961949
20.7967271862
30.3072807252
30.5751719472
16.5969428018
21.306338187
57.180787972
16.6104331394
30.294097179
23.60381036
14.4533497046
34.9262866496
32.4299463376
37.9615808638
21.32542696
30.072708019
16.7988829032
36.5235103814
23.5611577882
14.505855507
30.0317953936
36.8415655376
22.3182586318
22.102982809
50.9033862924
17.0484822964
30.2204878952
25.0368511016
19.3015240546
32.865046874
31.7537173576
37.313985799
21.2917783116
38.284961305
18.7010432014
31.710015057
30.1722649418
7.8796133612
31.4827688316
55.9060324576
16.6604820792
23.6513183898
27.8179523866
16.4424310932
39.4644543884
36.5884574398
7.8900285606
30.1093255326
92.7336035222
20.0006980554
26.880488424
27.6225145052
16.6996736178
29.9151497844
30.2872746714
14.3618150714
50.4903774272
30.086935127
16.4769005662
26.3315588328
32.5580499542
19.9035113112
31.7664297478
50.5506074956
7.8223282738
32.1755033296
38.0765802486
18.7235815886
31.7041458458
21.2807874562
18.3945319242
57.1844646702
32.0698369064
10.1331148318
29.3623423718
33.0286971604
18.9301559982
37.542843609
21.3151775064
37.17973416
31.9135301372
31.7566597078
16.6360081476
29.5411089806
31.569022338
18.5635596412
50.4934427862
23.5697995722
22.5258678648
31.5783143286
32.8843268938
11.5938566198
27.9015595774
38.2443125808
82.845927591
32.2973257286
21.2876232336
18.2384971252
35.7475828624
34.1938588064
18.7041971192
21.5926719752
50.0960609588
18.3976685228
38.170041155
23.5516111992
17.252949486
31.6218650082
31.8938394452
23.811594489
22.1876604558
50.8363667228
18.3305220206
31.8034792108
23.5712765436
22.3445638244
31.9949726008
31.6892996994
23.363914123
21.282199916
38.114154937
37.8212922686
31.6575728824
23.9175734772
14.395545554
31.3294847148
35.4191767854
16.4838182344
21.2732861268
50.6818955664
16.5054548104
36.8310515926
30.1300896368
7.8229116042
30.1126111904
30.0702970188
41.0026523502
26.9783895108
27.629602947
16.6151625526
96.3098464758
30.2716543894
14.3479353638
30.1073032866
30.1325422706
16.496875029
23.5251325314
32.6375384656
38.9029509924
30.1520837072
29.9144376088
8.120310014
33.0846948744
38.1343734776
18.3999447894
25.8902941698
45.991250121
18.5627796586
37.8991277868
32.0831618264
7.8416786994
31.7346479244
31.981007457
37.713545399
37.8409273732
21.2522873236
18.1905859818
32.988496459
31.6623836624
16.57407856
29.5198082154
36.692165136
18.5608597354
50.656228514
23.359505982
22.8452218136
29.9743496506
30.3030140336
10.0821217638
27.8018611568
37.0699306676
16.4743987536
51.316551204
21.2365702126
16.5342043462
33.8350704604
39.4040764326
10.1560466474
27.9882098492
93.2238248516
16.7916395196
36.4288510408
21.248587032
16.829131779
30.0383623576
30.1598551806
21.7727510192
22.3597003336
51.3394815458
16.4539158444
30.0810168148
23.506687001
20.786817824
30.2240971096
30.0524122464
37.2376345606
21.2377332418
36.330322757
17.4075441062
30.0094663478
23.4961490984
14.274067015
31.0913478504
56.464332838
16.480962636
21.1939727698
30.002134662
16.4983372488
36.7695041568
23.5290253778
14.1266190802
30.1792420452
50.432340829
19.6111223236
24.8862060562
29.955691415
16.6609412134
29.8360955244
32.7664760686
14.2866143566
36.4669642412
30.1677747494
36.9945390118
23.515638182
32.3316950532
82.8785150438
30.538686446
29.912895013
7.8044387348
30.2994460164
36.4508155166
16.5577696342
23.4701852112
48.1342486378
19.3015690324
35.942434069
30.6470944136
7.7447548262
29.9122356224
30.3059120624
37.263781875
29.8293795498
27.8755198684
16.4750117884
30.147424028
30.0085909364
14.2625661366
30.0450020322
50.416634176
19.4322648784
29.9592924188
23.073124856
21.1734714402
29.9373001882
30.5136972868
9.914928099
47.7058696462
36.6144638092
16.4423643568
30.2686162472
21.1903980332
16.6191845576
33.5740149062
53.372554036
10.0595892478
30.5246141868
29.945152553
16.6026754054
36.4472919186
21.2050861032
16.8950116126
95.490912938
30.1659474888
15.1967935322
28.91390198
30.1311164708
16.5308190966
30.0819766916
21.2140582178
43.452015805
32.8980145116
29.906162098
16.860067586
21.2018024388
36.4830934322
16.7852943032
50.4182156582
23.2022807998
14.675908298
30.8335342098
36.0851611064
16.6069869838
21.1966940878
30.0924654044
37.0685878582
39.2656670166
23.4465241616
14.3364430546
30.0746082714
490.328193054
105.028224823
142.958589156
50.5393958248
16.7787360462
29.9049415844
23.5626856564
21.1231846488
30.0586852414
30.0270337958
36.377937973
21.223805405
37.412489643
18.767770582
30.0473732686
29.9015425168
7.8262769082
30.2136771342
101.843507583
16.6674185708
23.0660011562
27.977744423
16.7292001882
35.7253426828
30.7275422536
7.7794355984
50.3712964502
32.8130868694
16.5764564388
29.9024224238
27.7153190922
16.508871392
30.4714483732
50.355006456
14.2309209798
30.0460151458
29.8511178802
16.7611942732
23.4806966696
29.362157981
21.7792294716
50.3421145914
32.9073870736
7.768152323
31.5866592492
38.211185993
18.2101462106
31.8102727586
21.2303348954
36.9618602054
33.4062454422
33.0417752842
9.4870967252
28.5925221676
29.9724237866
16.612876207
56.807334253
21.1831026296
19.3191203924
29.908176638
29.973515975
14.9751152442
29.2791929956
30.2069294838
79.6533260654
30.0652960092
21.2022415926
22.8418376302
30.620746148
30.0165621832
10.04483544
27.7679030268
56.882371921
19.4231311356
29.9049572804
21.1612615318
16.5796829488
30.7629238342
35.8520379044
27.985568999
30.254663578
30.1068061268
16.485129266
36.717211932
22.785666337
15.0239530466
30.054288217
50.441992255
21.7601618102
25.2063956152
31.56385834
18.2449178476
31.8532715586
23.51338286
22.6774994138
50.2715583074
30.5325316554
16.393545963
21.1559175104
34.2626093576
18.9146187186
30.0720920728
23.4685089516
34.569647408
32.8119910768
37.9757315276
18.3119008336
21.1696914942
31.7068461906
18.5382344284
101.518514346
32.675946683
7.7736974998
31.569402051
31.9720157042
18.3238226112
29.2360979544
30.0757231982
23.045269533
32.758026913
50.4022777378
14.2172108976
32.1581477898
31.6776975362
18.9312639624
23.4400736338
30.8218800842
23.3126092394
50.4399306342
31.8558330412
7.7406037524
31.6781095668
38.1940529506
18.1365093008
23.4597493548
30.576007646
36.8737939028
33.1717596464
33.250647657
7.7230977342
30.4315298124
29.8055804336
16.6997304086
46.6529551202
31.320468992
16.8003844884
29.9635483732
30.0160698956
13.868768434
30.127455776
32.6813407252
36.9907160156
32.1613892044
21.190918767
24.7036604802
31.9427821668
93.4316018324
9.9998773872
29.4547276866
38.041085828
18.5548513528
31.7906453048
21.1567396406
18.3128806426
51.1461220972
38.8921400266
10.0303181206
29.2468592234
29.9876285214
16.5634568244
36.7040018626
21.1428622496
36.8645857442
30.050319892
29.8044232976
19.0875233908
25.4520989548
29.9615603782
16.6927971096
50.2998573838
22.3435892242
24.8577034076
29.9335078466
29.9913219324
16.417809226
21.1405331168
34.0944492058
39.7086765414
30.0295480414
23.4416538004
14.1058398544
30.1426497292
36.4534975722
16.578663415
21.1650189768
50.3249872994
19.3835568958
35.2626800142
24.4945116214
14.3288164668
29.9064996958
30.2259983818
16.4204726904
27.6654901392
30.128434396
16.3316407934
94.8144322796
29.7876380858
14.2646970226
30.4697037206
29.8363739234
19.3707354432
22.3794715816
31.7490734504
42.287357597
31.637745662
31.967902886
7.7035340642
31.523183608
38.182965051
18.1940816952
23.4171507498
48.4148073596
18.2631974204
34.6299954954
35.2168641582
7.683314983
32.8507526992
31.4675422814
37.132783467
29.9112834644
29.367630458
18.4229484374
31.5380483516
31.752357894
12.2415952742
33.4670134242
51.0013269836
18.2858797508
31.6830583006
21.1853442896
24.5864754754
32.9093751142
31.5870923514
8.7331260592
49.3946218782
37.6297904992
18.8148217062
31.4071123016
21.1305384476
18.2640796378
31.768289125
103.843621816
9.981685572
29.2851402028
31.7495386256
18.2251091962
39.4508893842
21.1446007236
18.1070815352
31.6885165414
31.6274036968
11.942140238
34.0069854278
50.422972373
18.6296306744
31.6823727868
21.112303703
25.0516662794
31.595239599
31.7331070816
24.5580559816
33.6764872596
36.3599747796
19.3307189086
30.0021506606
21.9799035684
15.7436316458
179.908678973
582.670639029
176.24991402
89.7148276328
30.1696451228
16.7871820196
35.1908415656
24.7137999854
14.3832759942
50.3318652564
32.8594846992
18.597010978
27.6309516578
31.8173503432
18.1675960924
32.1597424844
23.3937859492
41.3483068554
31.864657475
31.5516133144
68.010003756
33.5244636648
848.482297645
278.307837149
323.030081542
88.1188456502
196.534269412
87.7782587206
284.20981073
204.334153482
86.406079152
87.7983451264
137.887176844
58.0985752096
63.509801337
57.5190695474
36.6154972806
36.9167505426
18.2300414296
30.014095986
29.2995235008
18.204803259
53.5227512752
31.9196528842
12.1215988958
916.765816559
480.195194813
199.814392767
87.5134226076
85.8367689892
80.9596455982
108.141427599
87.8794040862
71.7180808432
309.96211198
205.441672923
110.428644325
45.2926821832
85.5304468032
23.5561488004
36.7583964082
43.1311186806
8.4633410406
31.4579489046
31.9093370304
39.1647461734
38.2428030142
21.234878256
18.6181943406
31.8669053536
31.8169092526
11.8079853932
34.682480299
53.1166802214
18.4504083348
31.6628496346
21.2342043684
24.7955639112
31.9328837862
31.8811276976
10.0516481066
50.2613057522
846.822528401
545.774976921
141.21482382
86.014871658
144.896358665
131.045151334
94.5346182376
183.57111931
85.3604131392
88.4125954714
222.804445518
118.251476985
23.36772543
96.3794648284
35.1233708928
35.0038277128
16.6927988548
27.90463827
31.1230566828
16.5691628072
52.5100055098
23.648523906
20.9435918
30.3103636734
30.0526825526
16.6638657156
21.3209680208
30.8358381674
45.4915573848
30.1380694282
23.5936321114
14.3909177224
30.2926227794
37.0825696808
16.6933140718
21.2627888286
52.5046821538
16.8089597878
32.8792906152
33.2917522386
8.609110501
30.1517446944
30.132862928
38.4473972402
28.1132124432
29.903667941
16.7708500692
30.1005210792
30.4667743258
12.0470060426
32.447263949
51.2426296382
16.710029049
23.5760373242
28.1287474676
23.2194049582
30.228735333
30.3239631368
7.8637957594
98.087206088
36.110269904
17.30403198
23.5642581058
27.6692242052
16.82145124
30.2189261196
56.8592951024
7.740146468
562.359521123
101.563774355
124.897385286
35.407748671
22.4081745442
16.5465647514
51.431084809
29.9448356054
9.451156274
34.6877767216
30.2971788164
16.8566883842
29.912727146
21.1478266656
43.4500622156
29.9265809482
30.107257067
9.9710709996
27.6163782554
33.2099177512
19.6956340978
51.0666172614
21.1266559472
18.176510102
31.6978092098
38.1050117496
9.9745094614
29.6683450474
31.5743989268
36.8831707504
36.6245269338
22.663555678
18.4101500076
31.6812332738
31.9073793536
16.234247681
30.0491681752
96.0041365262
18.1931964436
31.5465205998
21.1278989276
24.7124160888
31.9328357664
31.5684639918
36.8836173354
21.2160640498
32.4135449408
23.9597218024
31.5358051468
23.4130690598
15.7934065228
31.5191366508
57.5555724266
18.1557554226
21.246198912
31.5696910426
18.0895479338
34.353345226
27.4495356386
15.8115452516
50.3141092618
31.7628000582
18.5099879612
27.6116027514
31.5865382062
18.189510764
31.5567145498
32.8893328772
29.2784159514
34.0409811196
31.4857684826
18.1486983926
21.1177509536
31.8516422156
24.5735186026
49.686714936
31.5781699758
7.6878594062
31.7194969104
37.2169873132
18.9017217066
23.4104935778
29.2877841012
83.9224154062
31.6568367842
38.0499894878
7.6650946288
31.5569811956
31.7808462242
18.2041675588
29.8592384672
47.507701019
18.3753381784
31.831362226
31.5906116746
9.263866627
36.5213846408
31.6657638422
23.7591283016
27.8331191512
24.878946454
42.7681167582
31.6463065968
31.9257371816
7.704539916
31.5938061954
34.7500388484
21.5266654396
49.8244548518
21.2258538968
18.1968730986
31.599612192
38.1767781896
9.9573663262
30.4986169756
31.6291091812
36.3270111514
36.4136482378
22.7575355668
18.7290471016
31.6186328838
31.5199809298
9.9599432656
35.9317675976
50.0222243734
18.2268411496
31.6700072766
21.1294732412
24.7192387692
96.0350546058
31.6273394776
13.5401523618
25.6654738184
32.2691348088
24.369225503
31.5900139298
21.1021431928
36.3938898966
31.7359203022
38.3633873958
18.0889872892
21.1460424714
31.5133900852
18.164437998
52.6922720098
27.7076793144
15.9543377962
31.7123796402
31.5142250338
18.4222127122
27.6422005758
31.5745566892
36.2253931006
31.605081673
23.3821240402
18.1414152276
32.3616177946
30.0294882328
16.443591951
21.3899453174
50.3690483856
22.987875465
29.7287329504
24.8230291132
12.7717875058
30.191545364
35.4353941842
37.2674246598
21.0998249964
29.8954714378
16.5943587332
29.7878593116
36.427374424
398.192666706
420.355132265
99.28893639
18.2228262058
29.9354704898
29.3672154972
18.1664450708
31.9322878766
31.5881076136
9.0400299344
54.8128779234
31.7696776172
16.6473628894
23.3975947592
27.5753995576
22.9765816524
29.977984176
50.3435815852
7.7124874922
31.6546857586
34.4359890054
21.6633796044
25.5908480514
27.4212916204
18.1247585908
49.6905083764
38.115459461
7.6622387024
31.7353261364
31.5235901396
18.4482463806
36.3088883106
23.1000182196
36.8604787264
31.6056780018
31.6315975878
9.9217750284
34.181813861
30.158816922
16.4295682346
49.5416303762
21.0972234026
22.650694718
30.4387477134
29.7242809388
9.946208136
27.6279623406
30.2168268978
88.3801897922
31.603059197
21.1167868782
18.1450630776
31.6007269356
38.3748322272
11.3973988138
27.9286528666
49.695519328
18.1618540074
34.1920297376
25.5376237428
18.0733763338
31.549664117
31.8648219376
35.4756264254
29.0950843888
31.5249322968
16.345098781
29.75332811
23.3601887792
18.121985002
32.55589132
49.5535147884
16.4659365808
21.0896546502
29.9865792578
22.8551356554
29.809981995
23.3649569234
14.1425868074
50.3747624858
37.0172181326
19.3989076176
21.0946522022
31.5252457424
18.4347932664
31.5712285052
32.9136724914
31.1737873172
31.591559209
31.8268068794
18.0852350256
27.5808925712
31.6283657242
18.1816098562
96.6184780324
31.5902369942
8.8201145054
36.861667463
31.5207538676
18.4559863878
23.3399385014
29.2879090276
42.6463600846
31.6588653424
31.804638692
7.6242963714
31.4668313342
34.4336451566
21.7848538958
23.3292910184
48.050162895
18.2052280114
31.5746048756
37.9265660642
7.6436718272
32.10807422
31.557331982
36.2563148698
28.4802552968
30.6467714288
18.2550736166
31.572892663
31.6801582718
7.6092771236
37.9979864524
50.277489953
18.1716946064
29.7177446274
21.0468224326
22.3782564346
30.485304802
29.86829231
9.889697705
47.2802535218
30.1433874924
23.042080856
29.7809036254
21.05434094
16.4169419768
29.7710021118
105.113782201
9.9027596818
27.5804968724
29.9566410324
16.4473799168
32.1161565006
25.640836117
16.8573919282
49.5862236178
29.8632191256
9.9921570302
34.1948223774
29.9952806188
16.419543299
29.8478288304
21.0469025284
40.2605708824
34.5808436452
31.545570899
18.143570113
21.0676251748
31.7780528998
24.58702173
49.619471138
23.1875589716
16.1454167396
31.8036334954
36.7933716242
19.6671258308
21.0514689114
31.5286186556
37.1585680664
31.589357879
29.8206493494
14.0769177892
29.827768452
30.3730556538
16.4689543478
27.5830873148
49.6930626418
16.5302226608
30.576148244
23.5345382288
15.0636631166
35.2981138796
29.9508931216
74.7968880658
29.9210463034
31.6231059588
24.6975255498
31.6513484758
31.9968836522
7.6773596082
31.6204126058
52.9771184538
20.4235470822
23.002843015
28.2222110888
16.5027330988
30.4001671168
36.3895227928
7.647853752
51.0427838526
29.904736804
16.4145371594
27.5420552024
29.977466931
16.7720600692
29.890971329
50.3730921384
7.6637534568
36.4297547982
30.2265265002
16.49361741
23.3735174104
27.697392634
22.3544580196
51.6747232678
29.8234778506
7.6161593376
29.9053519512
29.8971282008
23.2732711678
29.8406725394
21.0714049566
36.8481614384
29.9475702652
37.0227984692
9.3246432864
28.314700172
30.067991136
16.434355607
59.8872017432
65.0441892578
18.1716542134
31.5459943852
31.6617315412
9.908055263
36.160967002
31.5698767314
37.028353283
29.976895168
21.204604079
19.98944244
33.0222064808
29.8710315642
9.88629121
27.654373441
50.9964885016
24.6699485552
31.617462584
21.051011352
18.1753513658
32.4429726006
36.5449971738
31.0911927534
28.426563443
31.855981506
18.5023879534
31.6420898948
29.249854829
16.5899455468
29.910918326
51.1114576226
18.2268904262
27.588766535
31.543403837
18.2456855302
32.050208169
23.3428718024
16.8861466938
56.2032850492
31.847064924
18.3524017836
21.0609390102
31.7482990308
25.1622429254
31.5478310882
23.6507691862
81.0463421442
31.6498316776
34.0999830352
22.2559641264
21.0621910688
32.4725219698
18.1809187926
50.4418678058
38.233266543
7.6821918368
1021.44079975
585.167286851
244.072852645
211.541875035
89.7307547928
85.71054519
99.2300866726
88.8193340554
72.7743385318
95.151960528
149.293432971
41.6041655406
23.4257395678
107.345745015
27.1676592144
36.0687388258
29.8843291612
7.7428556664
29.8594497842
29.801980336
46.3946362292
23.4251104586
27.4979485938
16.8683832646
29.9973278978
36.6960297752
7.6668730722
29.717197218
53.4439688132
18.0771374264
33.3651344068
26.1006791416
18.1089456892
31.5752140182
31.513507331
8.9533767314
57.274200697
31.4915940792
18.124217261
31.6359772092
21.117000798
21.590481868
34.8024586698
52.3623851006
9.9269919028
29.3411757296
32.003978988
24.628048181
31.5073078246
21.0665898622
18.0666949744
51.0069782774
36.2212275988
11.689600649
27.5933737844
29.8102989564
16.7317079334
29.9029442858
27.5854977372
82.019038384
31.5437496454
31.9439662752
18.2482816682
27.5460786486
31.8331199552
18.1717546888
50.0507133468
22.3068583386
17.5428131922
37.4446787094
31.576163275
18.4449459236
21.0875724866
31.5302827928
43.365717265
31.4557376914
23.3573649146
16.1609426098
31.5169834952
33.9871617292
22.3544494836
21.0959772458
50.0435068504
18.0246851558
31.644850915
29.8373487118
15.8025182734
31.8649966046
31.456533307
36.6748776062
24.916484987
34.2357871024
18.4308227696
31.6790784908
31.5819593598
7.6603396982
37.938604183
50.0320691626
18.0321930356
22.121838329
30.5351531704
23.6430718252
32.90737878
31.7135595196
7.679897411
95.7330491238
31.4518448504
25.3212601194
23.3696430896
29.2971131062
18.0792931264
31.4683699478
56.5140087882
7.6215542598
31.41007151
31.528048802
18.0691908854
24.6980100714
34.6435543982
17.9072220486
50.065202882
31.4143086906
7.5962981132
38.2175100506
31.3716057694
18.1566454292
31.2983781794
21.0609839244
39.5186264322
35.26506912
31.3454300838
8.415815913
30.6332040306
31.862455457
24.3931554256
50.1927919254
21.0279824706
16.3204572388
30.1354707522
34.437919399
11.7559017218
27.44696827
29.7065486692
36.4393624146
30.0342965966
27.511207695
16.3402811994
29.7805778194
30.078699832
9.8621126818
33.6649798442
95.8156787636
17.9953077468
31.8253534056
21.0264459722
18.5398274264
37.5300083896
31.4249945716
26.523547136
31.7901213964
31.42610409
24.5991373854
31.5992817814
22.0645166684
17.7303075036
31.5080615262
52.9354636738
22.4026452504
21.0593591446
31.8456500976
18.0632041066
31.5349166736
29.8217661596
15.7380257762
50.7052529652
31.4168726098
18.1644248752
24.804897025
34.1993008076
18.4098689744
31.4045093826
23.3292765808
35.1027214074
37.9783671682
31.8905659686
18.0262359108
21.0638888048
31.5647983824
23.3285165578
51.8262095322
31.4029823246
7.6283926372
31.792212166
31.6533556172
24.8514913646
21.730335835
30.7195130178
81.5941361234
31.4238989322
38.3735056042
7.6482198174
31.4614168192
31.5202245882
18.0441957464
24.5380514624
53.719580777
17.9991536634
31.6797484258
31.431539891
7.5968069934
1008.04126004
1140.7085982
603.470446946
93.178750972
85.712699971
77.634180493
217.863464871
108.04791773
72.3529661084
87.9752093784
88.3085141418
144.757663182
55.178124896
21.3003540164
95.6190988742
36.498849869
41.324456858
411.525630168
31.3391543308
31.6384549912
18.3362158502
52.6288000998
27.6940257088
18.175863515
31.6958755712
31.5036910722
9.9934582536
35.6745621374
32.081911016
40.135900183
31.5140621406
21.1028432864
18.8284137264
37.6796348632
31.569082714
9.983877037
29.2355079582
53.4014944882
24.9880588834
31.6080470354
21.1050641018
17.9495641916
31.8998985392
33.6501724024
30.9263985058
33.611854164
31.5136815718
18.5574066464
31.6056918174
27.9821832152
17.8147321312
31.5486231986
52.0793377442
18.0228862758
24.71089491
32.8645587256
16.3487927028
30.1300515052
23.4456690546
14.2266662612
105.289124386
29.800147211
16.8563339138
21.1320553774
29.7338152396
21.5362825302
31.6225574102
23.3998949274
34.9782240042
29.949693962
29.9725119746
22.949042009
21.1226872074
30.4430396776
16.569093288
50.8656170386
36.2344250034
7.6953436772
30.1893947606
29.8615165162
16.480813273
22.233051251
35.1105544998
37.5193385652
29.899076702
29.9259932272
7.6621219936
36.29731654
30.1192502924
16.5249203
23.3032406436
48.4921755956
19.041450036
34.0763713758
30.0441513516
7.6481925044
29.7870768592
29.871795677
43.6372843848
23.3286712058
27.6670121278
16.4097994496
890.359016186
105.868968218
9.9872416534
29.9535124978
95.0889818308
18.1629187886
31.8168422242
27.7695618276
18.1743517422
31.571545631
31.6022276422
7.6640048296
56.673167284
32.166329344
18.2617784822
31.6314128542
21.0456893216
18.5769094556
38.0865479166
50.9021239142
9.8898547198
29.4395246336
31.9685649114
24.5904291332
31.708176748
21.0389089424
18.1777047832
50.7533777836
33.3511671862
14.6644837682
29.2805575768
31.5903424216
18.4121134796
31.6935433726
27.5157073412
36.6312879964
31.5059390034
32.0533642576
17.9202548284
24.7962392064
34.771812429
18.2249156832
50.81431461
21.0928277142
18.1694264438
38.1719518834
31.503379299
18.4442512198
21.0848177814
31.8139223622
87.3135142788
33.1787695556
23.3761357378
14.4840975354
29.8883435646
30.0531239656
22.8910757614
21.0964599316
50.6094131726
16.4587580214
29.9104294504
30.0421041422
14.1330585716
30.1721950536
29.8442087768
37.465058638
21.8990968768
37.2626594232
18.4902675166
31.5489723108
30.8525534894
8.407154416
38.0890110572
50.7907579762
18.2322597436
21.111291747
31.5561652038
20.648486743
35.9221554394
31.5939150878
7.668534769
51.300439441
31.4161815016
25.0211309954
23.3588385492
29.1967441616
18.16684919
31.5599784658
54.728522501
10.0930278592
31.5824075076
31.9565445038
18.0217467206
23.354885389
36.0529354982
18.0559908008
97.806704694
31.435589826
7.6003061118
37.5893906186
32.348793326
18.0633543516
30.2100188194
22.2836141482
37.2879301058
38.1315786204
31.581748857
7.633007218
31.3534337396
31.825213941
24.6298361326
50.6106194298
21.026140847
17.9166434494
31.8089182714
32.8964487976
14.8721926588
29.1771915152
31.4504088572
37.0758753134
31.4383203298
27.6635381642
17.9959845052
31.3058170026
31.8737274082
9.8479250982
32.2400164482
54.0276329692
17.9052623072
31.81551226
21.324740466
17.8302118544
36.2140800036
30.1284471374
20.0761230232
38.0734759948
29.6493134414
21.1473747962
31.4084280596
21.0413752222
1116.94289595
379.51917345
278.2701602
99.207043475
88.2611177454
88.009066882
74.3796419074
87.3514649634
94.2886516696
72.6192927968
90.5291472432
123.340417857
57.987172047
59.3433090072
42.4932944078
23.4356555256
36.5355266224
23.3739633082
15.8669765932
37.973127082
52.5767550764
18.4840664778
21.0827126486
31.4025876362
20.126332785
36.2497623418
28.4129706824
10.7087013734
52.734413074
31.596526316
24.759156973
21.087587469
31.5472761622
18.0397859916
31.4894085704
56.2546955352
10.435895392
31.499550658
31.4123581062
18.0683283932
23.3360106496
36.1278512118
16.8926088512
52.6006698622
29.8643528028
7.6646630088
35.5351688808
31.0350870942
16.4498898934
23.318560084
27.857481213
37.6208789308
36.370865489
29.7153273402
7.6302819916
29.8989216414
30.045588847
22.8210149796
32.8467120502
84.9320626298
18.050396019
31.6477960308
32.7886921568
12.8621560172
31.4184133832
31.4408739098
36.554826176
31.475492521
27.5462211798
17.9743415912
31.4969098356
31.9554590886
9.8577550464
32.0747842364
53.677185325
18.1887855606
31.6383113468
21.009381558
18.2748409858
37.9383351308
31.5110046906
9.854028334
47.5687112644
31.6062839704
22.4932955002
33.6170343642
20.9847187712
18.194855442
31.4931956376
50.0645971228
18.3589877128
25.5447904156
29.9493686162
16.4852280688
29.7434393004
27.0898088828
16.7988955978
49.769440269
29.8789744488
16.4955822832
21.3413945222
36.1397632858
16.7293771144
29.8692272138
23.3248951384
80.7619735976
38.320946657
31.7958906232
18.1754920306
21.066167863
31.5990417164
20.1602481366
54.52300151
23.3334946008
16.0088955082
31.4877664936
31.6053973198
25.0118101164
21.072320054
31.5855286162
36.703281204
31.5887026996
29.7122287836
16.2411728902
31.6495187358
31.5963184406
18.1938964888
21.0594989348
56.4708305806
18.14832418
31.496372343
31.7369710248
7.6484337048
36.9616904884
33.162686788
36.6232899214
23.384717615
29.3086655188
18.3608509116
38.3214356056
31.5998575156
7.6898238884
31.4504638276
49.921095089
24.780322116
23.3513942668
29.259047428
17.9657744454
31.8153744036
32.4297535932
13.159738213
96.4023902662
31.446460701
18.2359766174
25.293533412
33.768543849
17.9930367448
31.4807157826
49.8139298344
7.6125472116
34.1469630268
35.4882283018
18.2920708764
31.7517474982
21.0762854344
18.1592230654
56.4216356732
31.4439767122
9.8395997586
29.400772814
31.408238883
20.4951376804
31.9373123086
21.003571849
36.300883686
29.8205431068
29.571151765
16.3512689514
27.410686075
29.9861558666
16.1679261138
49.8678220398
26.8172962524
16.8265135902
29.8629006948
29.9416830282
10.5650084508
26.871661151
36.2219960026
36.3856697352
30.1694047888
21.1729401068
16.3993471152
36.2854923526
30.1301059606
16.4284549558
21.0406230016
94.3648881328
18.0608242712
34.872771016
23.1517231762
14.210671156
29.8490665486
29.7771069404
43.5455355942
21.0363415092
29.7571402164
16.1973252608
29.8126424696
26.5176918392
17.6970120244
29.8508030594
50.6599936628
16.402647312
21.0255467962
36.7297355068
16.4540283986
29.8299885114
23.7079880616
14.032172029
55.3242450278
31.648522067
16.3747032334
21.0036635968
29.8625071782
16.639026455
36.3871250576
46.9670912146
11.3376783606
29.7870572046
29.914003102
22.8218526114
23.0557926958
27.9229909628
16.3796133558
50.617227233
30.6531392252
13.4376478644
29.6747465598
29.7445318188
16.6905111848
23.2952442308
34.1156498088
83.1891626532
29.8061847004
30.0072280206
7.5936413914
32.6872883584
33.903751044
16.3371422688
25.7199248556
45.8665883976
16.4024582954
36.2584117622
29.8704028506
7.584329311
30.0909459714
29.7692859404
41.1669245712
34.0772053606
21.012685558
18.205790804
31.4320223628
31.5291029588
15.9424477116
29.5469169108
50.5478626016
18.1697395128
31.3902413738
26.5416135748
18.9493841878
31.7824773862
31.4798154746
9.8200658562
48.4804635668
38.1981334234
18.3767535396
31.5164008258
20.9924995356
17.9273219248
38.0832662432
52.254974749
10.2638284128
28.9799094754
31.4614261638
19.4431462758
35.1196584796
21.06891597
16.6694124468
98.8629555172
31.5340586506
24.7582269192
21.0351346986
31.5716416016
18.2289732188
31.5181440014
25.7003317008
38.9498177788
31.6987067502
31.4476881774
18.0461201816
21.024165846
38.31671857
18.3248212978
50.7787696176
23.340629991
15.8502489546
36.3843034106
31.7042593894
16.38086696
21.0520562368
29.8247644014
36.4328691674
36.3962767182
23.3214123632
14.0483098986
7.097380007
